15.736175 
12.518745 
5.501571 
0.417631 
1.424098 
7.700979 
14.105171 
15.388209 
10.511407 
3.471341 
0.007131 
2.933382 
9.855055 
15.111662 
14.408557 
8.325959 
1.828560 
0.224976 
4.830606 
11.846968 
15.495548 
12.811255 
6.020345 
0.646136 
1.035130 
6.857683 
13.348223 
15.197652 
10.907492 
3.980486 
0.065219 
2.374330 
8.986908 
14.414924 
14.217262 
8.613659 
2.174894 
0.089086 
4.025433 
10.758054 
14.769996 
12.796091 
6.459386 
0.915306 
0.702880 
5.987617 
12.338903 
14.513867 
10.798777 
4.260958 
0.165397 
1.785505 
7.781322 
13.229747 
13.681161 
8.791357 
2.538381 
0.016271 
3.309973 
9.620424 
13.680711 
12.211001 
6.481583 
1.127149 
0.416258 
4.891074 
10.868416 
13.448398 
10.551474 
4.547908 
0.307464 
1.320634 
6.699388 
11.890086 
12.637507 
8.414908 
2.676442 
0.000966 
2.496612 
8.095045 
12.188653 
11.450080 
6.507455 
1.368104 
0.223143 
4.011752 
9.465468 
12.049962 
9.721039 
4.432635 
0.428301 
0.866975 
5.346810 
10.164433 
11.379251 
8.032470 
2.850254 
0.030366 
1.903681 
6.809549 
10.600049 
10.201934 
6.016874 
1.438902 
0.090491 
3.000281 
7.744410 
10.418685 
8.864620 
4.367579 
0.566235 
0.571434 
4.320989 
8.578320 
9.831067 
7.127311 
2.700010 
0.077174 
1.301358 
5.319241 
8.802445 
8.911882 
5.586359 
1.526878 
0.027243 
2.305499 
6.341547 
8.745370 
7.594743 
3.884988 
0.604239 
0.328772 
3.215870 
6.851853 
8.248958 
6.291247 
2.583813 
0.128469 
0.934644 
4.230892 
7.195880 
7.404016 
4.744271 
1.391655 
0.003624 
1.634240 
4.891351 
7.076371 
6.415274 
3.466579 
0.624617 
0.208850 
2.498284 
5.481871 
6.677967 
5.150758 
2.178305 
0.142688 
0.627903 
3.174395 
5.650997 
6.026241 
4.012868 
1.256443 
0.000098 
1.248373 
3.853278 
5.611301 
5.100213 
2.777109 
0.528429 
0.128966 
1.843451 
4.214247 
5.279024 
4.178719 
1.823006 
0.131217 
0.485912 
2.502026 
4.435409 
4.694003 
3.101798 
0.970243 
0.000072 
0.928807 
2.941937 
4.356065 
4.014606 
2.209607 
0.418030 
0.112579 
1.484391 
3.306765 
4.059815 
3.148519 
1.337892 
0.088939 
0.380003 
1.924981 
3.417616 
3.623509 
2.384619 
0.721104 
0.001251 
0.790230 
2.349642 
3.355614 
2.989575 
1.574397 
0.267126 
0.105676 
1.182045 
2.573105 
3.119164 
2.375794 
0.961317 
0.040887 
0.369788 
1.608430 
2.676030 
2.692865 
1.670199 
0.449123 
0.008246 
0.679991 
1.878335 
2.595478 
2.240360 
1.111952 
0.143631 
0.142950 
1.060273 
2.076910 
2.350416 
1.667131 
0.595344 
0.008106 
0.365426 
1.343733 
2.114924 
2.038448 
1.181057 
0.255271 
0.036998 
0.677523 
1.598190 
2.020213 
1.593026 
0.691265 
0.051186 
0.179223 
0.950745 
1.709195 
1.818669 
1.192698 
0.351871 
0.001790 
0.424989 
1.231607 
1.715543 
1.490133 
0.754374 
0.108640 
0.077746 
0.671861 
1.381320 
1.612752 
1.172694 
0.429368 
0.006035 
0.261484 
0.947450 
1.462062 
1.392380 
0.792655 
0.165728 
0.025414 
0.472317 
1.126640 
1.435415 
1.142264 
0.492807 
0.030756 
0.154854 
0.729676 
1.261731 
1.303338 
0.817090 
0.224915 
0.003246 
0.331358 
0.926431 
1.287120 
1.114538 
0.550191 
0.067524 
0.082541 
0.564211 
1.101920 
1.221206 
0.846392 
0.287383 
0.001037 
0.224604 
0.762281 
1.166632 
1.094188 
0.607810 
0.114280 
0.034776 
0.432757 
0.960369 
1.156560 
0.883475 
0.350832 
0.014349 
0.141982 
0.628416 
1.059516 
1.078156 
0.670145 
0.171547 
0.007790 
0.323669 
0.829091 
1.102104 
0.915989 
0.423808 
0.043805 
0.080469 
0.503588 
0.956982 
1.067280 
0.734061 
0.240555 
0.000116 
0.228126 
0.705562 
1.047308 
0.943333 
0.507230 
0.087465 
0.034268 
0.386028 
0.855856 
1.041982 
0.797227 
0.321740 
0.012198 
0.142581 
0.584990 
0.975794 
0.965893 
0.594669 
0.146907 
0.006391 
0.281987 
0.742713 
1.005028 
0.855383 
0.408824 
0.045033 
0.073351 
0.465753 
0.883998 
0.975720 
0.672310 
0.222155 
0.000607 
0.187049 
0.621251 
0.953478 
0.893038 
0.501684 
0.097377 
0.025660 
0.352051 
0.778556 
0.967118 
0.738625 
0.309764 
0.016038 
0.105678 
0.501683 
0.872395 
0.910278 
0.587436 
0.164233 
0.002191 
0.245149 
0.660453 
0.925695 
0.788433 
0.398053 
0.052326 
0.045675 
0.380119 
0.767406 
0.902346 
0.655012 
0.244393 
0.004090 
0.149040 
0.536911 
0.849021 
0.815956 
0.475939 
0.106984 
0.011208 
0.264750 
0.655945 
0.860343 
0.706571 
0.325168 
0.028602 
0.074422 
0.414438 
0.753930 
0.818171 
0.542448 
0.173991 
0.000005 
0.166904 
0.539425 
0.792708 
0.736352 
0.397402 
0.071563 
0.027060 
0.305177 
0.651656 
0.797036 
0.592936 
0.241895 
0.009683 
0.095044 
0.423896 
0.717358 
0.737967 
0.463158 
0.124078 
0.003579 
0.212176 
0.544178 
0.748052 
0.625401 
0.302872 
0.036563 
0.045101 
0.315552 
0.631575 
0.713818 
0.513216 
0.178190 
0.001437 
0.133750 
0.441812 
0.676637 
0.640117 
0.354362 
0.074774 
0.014082 
0.223796 
0.534057 
0.673688 
0.538935 
0.233293 
0.015436 
0.071864 
0.346401 
0.593890 
0.630536 
0.396642 
0.115769 
0.000852 
0.150580 
0.434055 
0.620703 
0.544242 
0.282880 
0.039739 
0.030775 
0.259921 
0.514380 
0.601506 
0.427865 
0.155652 
0.002791 
0.093084 
0.343805 
0.559114 
0.541286 
0.321763 
0.071893 
0.008738 
0.188708 
0.438317 
0.561450 
0.448249 
0.195429 
0.015923 
0.051747 
0.271020 
0.495419 
0.533853 
0.350711 
0.107973 
0.000370 
0.130556 
0.367117 
0.522764 
0.465598 
0.232319 
0.035502 
0.023703 
0.210275 
0.432534 
0.519567 
0.377381 
0.144125 
0.002814 
0.085008 
0.307265 
0.481749 
0.474687 
0.267513 
0.059633 
0.006651 
0.159051 
0.377932 
0.497214 
0.404279 
0.178856 
0.014290 
0.050112 
0.255977 
0.438515 
0.474088 
0.304643 
0.086606 
0.000238 
0.113491 
0.329014 
0.467840 
0.423761 
0.213846 
0.032063 
0.023566 
0.206633 
0.397337 
0.462484 
0.339003 
0.117304 
0.001940 
0.073327 
0.280076 
0.435617 
0.430458 
0.251173 
0.054609 
0.007299 
0.157777 
0.356033 
0.444176 
0.363776 
0.152581 
0.010012 
0.042225 
0.228204 
0.402925 
0.428760 
0.285039 
0.081410 
0.000437 
0.111202 
0.311625 
0.424279 
0.378800 
0.189189 
0.024765 
0.020215 
0.178095 
0.366253 
0.421290 
0.312686 
0.114204 
0.001706 
0.071765 
0.264293 
0.403014 
0.385863 
0.224283 
0.046553 
0.006840 
0.133192 
0.323553 
0.411299 
0.336189 
0.149511 
0.010217 
0.041113 
0.218229 
0.374273 
0.390330 
0.259277 
0.072990 
0.000446 
0.092080 
0.279627 
0.397314 
0.351657 
0.185638 
0.026861 
0.019302 
0.172020 
0.337999 
0.391775 
0.289112 
0.103425 
0.001803 
0.058655 
0.234092 
0.374825 
0.362236 
0.221350 
0.050804 
0.005729 
0.126838 
0.299445 
0.384533 
0.313762 
0.138850 
0.010557 
0.032850 
0.186328 
0.349094 
0.371488 
0.251819 
0.080963 
0.000073 
0.088579 
0.261987 
0.367938 
0.335327 
0.178884 
0.026015 
0.014411 
0.141126 
0.316788 
0.376875 
0.278540 
0.113939 
0.003610 
0.056877 
0.225664 
0.346790 
0.348866 
0.216792 
0.048737 
0.003745 
0.103525 
0.276551 
0.375861 
0.304807 
0.146353 
0.015901 
0.030338 
0.185862 
0.324134 
0.352053 
0.249009 
0.078992 
0.000005 
0.071640 
0.231873 
0.361267 
0.328630 
0.177486 
0.034286 
0.011025 
0.144245 
0.298486 
0.347524 
0.272906 
0.113060 
0.003634 
0.045559 
0.188990 
0.332567 
0.343992 
0.207562 
0.056173 
0.001434 
0.103267 
0.265837 
0.338315 
0.286246 
0.144811 
0.015041 
0.024376 
0.149365 
0.295104 
0.344110 
0.236262 
0.080562 
0.000511 
0.065650 
0.226669 
0.322026 
0.293560 
0.171500 
0.032881 
0.009202 
0.114402 
0.256408 
0.330147 
0.259528 
0.105583 
0.006044 
0.036902 
0.183907 
0.298942 
0.296927 
0.191190 
0.053658 
0.001260 
0.082254 
0.217182 
0.308565 
0.273266 
0.131832 
0.017076 
0.017782 
0.142697 
0.271243 
0.294620 
0.208231 
0.076397 
0.000555 
0.054592 
0.182214 
0.286305 
0.278452 
0.159054 
0.031792 
0.005990 
0.105199 
0.239515 
0.289969 
0.223691 
0.099937 
0.005764 
0.032284 
0.151425 
0.261059 
0.280251 
0.182889 
0.049647 
0.000537 
0.074787 
0.210657 
0.281886 
0.236125 
0.121299 
0.015814 
0.015923 
0.122211 
0.235589 
0.279751 
0.201980 
0.071691 
0.000692 
0.049232 
0.182553 
0.266990 
0.248135 
0.140635 
0.030305 
0.005949 
0.093340 
0.212508 
0.271913 
0.218665 
0.093902 
0.005195 
0.029243 
0.151305 
0.250373 
0.255650 
0.159014 
0.047223 
0.000754 
0.066939 
0.187642 
0.258182 
0.232022 
0.115220 
0.014444 
0.014978 
0.118424 
0.230312 
0.254346 
0.178262 
0.064294 
0.000476 
0.045912 
0.158728 
0.241963 
0.239593 
0.137598 
0.027511 
0.005914 
0.088624 
0.206895 
0.249852 
0.195997 
0.082445 
0.004993 
0.028343 
0.130437 
0.225673 
0.240733 
0.159303 
0.043744 
0.000846 
0.064444 
0.182939 
0.240963 
0.208021 
0.103591 
0.014288 
0.014995 
0.105911 
0.205750 
0.236263 
0.179017 
0.064078 
0.000428 
0.045203 
0.157111 
0.229423 
0.216715 
0.125961 
0.027040 
0.005419 
0.083705 
0.186423 
0.232496 
0.194626 
0.087354 
0.005174 
0.028530 
0.131995 
0.219295 
0.221826 
0.146272 
0.043689 
0.000386 
0.063098 
0.168676 
0.228240 
0.204929 
0.111601 
0.015695 
0.014414 
0.109772 
0.211583 
0.225626 
0.165152 
0.063442 
0.001278 
0.042923 
0.151065 
0.224158 
0.214322 
0.134200 
0.031684 
0.004448 
0.087235 
0.200768 
0.230848 
0.181180 
0.084045 
0.007593 
0.024263 
0.130658 
0.219604 
0.224263 
0.153961 
0.050734 
0.000089 
0.063570 
0.183496 
0.236984 
0.196273 
0.104293 
0.018185 
0.009962 
0.105392 
0.211799 
0.232878 
0.171994 
0.070544 
0.002221 
0.040626 
0.160575 
0.239209 
0.211786 
0.123018 
0.031719 
0.002017 
0.077623 
0.195454 
0.239153 
0.188757 
0.090258 
0.009567 
0.020890 
0.132457 
0.232946 
0.225874 
0.142140 
0.046615 
0.000041 
0.051537 
0.170281 
0.240361 
0.203925 
0.109886 
0.020278 
0.007808 
0.101880 
0.216922 
0.235031 
0.161844 
0.061874 
0.002781 
0.030560 
0.139885 
0.231132 
0.216738 
0.128727 
0.033567 
0.001394 
0.071193 
0.192648 
0.236670 
0.179711 
0.078977 
0.008916 
0.015312 
0.109196 
0.212436 
0.225970 
0.146901 
0.048466 
0.000086 
0.046041 
0.163709 
0.230260 
0.194328 
0.097370 
0.017145 
0.005918 
0.081415 
0.187451 
0.226772 
0.162446 
0.064760 
0.002900 
0.027571 
0.132532 
0.217903 
0.203096 
0.115957 
0.028005 
0.000966 
0.057029 
0.161384 
0.219776 
0.178183 
0.082570 
0.009022 
0.014227 
0.102506 
0.199240 
0.207618 
0.134310 
0.041236 
0.000109 
0.038462 
0.135485 
0.207677 
0.190393 
0.099393 
0.018383 
0.005506 
0.077255 
0.180203 
0.618952 
0.465460 
0.168826 
0.004742 
0.065062 
0.267939 
0.500826 
0.642862 
0.556597 
0.244054 
0.005050 
0.158674 
0.544347 
0.678605 
0.439525 
0.142492 
0.011265 
0.009320 
0.077795 
0.258954 
0.580567 
0.805711 
0.575133 
0.096360 
0.084622 
0.595626 
0.839752 
0.511660 
0.128204 
0.005528 
0.001857 
0.009224 
0.069552 
0.355652 
0.855059 
0.957970 
0.370567 
0.005177 
0.528040 
1.031764 
0.704857 
0.161418 
0.000955 
0.006372 
0.000161 
0.001750 
0.121601 
0.662195 
1.198222 
0.812476 
0.056711 
0.320785 
1.125466 
1.001645 
0.278723 
0.001159 
0.025099 
0.001320 
0.009629 
0.007199 
0.346989 
1.149253 
1.255473 
0.340819 
0.084526 
1.001438 
1.303353 
0.517624 
0.014444 
0.046997 
0.018266 
0.016038 
0.016372 
0.093288 
0.834136 
1.476976 
0.804449 
0.004074 
0.661177 
1.445613 
0.863348 
0.085351 
0.041742 
0.062240 
0.002655 
0.058259 
0.001001 
0.430762 
1.360842 
1.243856 
0.186096 
0.264195 
1.304775 
1.201917 
0.268599 
0.009913 
0.101814 
0.006939 
0.058453 
0.029901 
0.131550 
0.983844 
1.442818 
0.557293 
0.023578 
0.912677 
1.364901 
0.553487 
0.007066 
0.094212 
0.044514 
0.023975 
0.075506 
0.009517 
0.547888 
1.328122 
0.917598 
0.040738 
0.453688 
1.256080 
0.832436 
0.091523 
0.044136 
0.079924 
0.000689 
0.076863 
0.008767 
0.223844 
1.003234 
1.095496 
0.242671 
0.125427 
0.934817 
0.975050 
0.253313 
0.003263 
0.079347 
0.007607 
0.047968 
0.039483 
0.058233 
0.640066 
1.057440 
0.475373 
0.002974 
0.559380 
0.934159 
0.418311 
0.012020 
0.049132 
0.023576 
0.020681 
0.056880 
0.004295 
0.352104 
0.881906 
0.629494 
0.036272 
0.261721 
0.764570 
0.519121 
0.064356 
0.017540 
0.030469 
0.004838 
0.055368 
0.002963 
0.168238 
0.667963 
0.683186 
0.136717 
0.085437 
0.555869 
0.541657 
0.129473 
0.001717 
0.028090 
0.000123 
0.048342 
0.020123 
0.062199 
0.467087 
0.661568 
0.243917 
0.010712 
0.367977 
0.510851 
0.186114 
0.001470 
0.022602 
0.001224 
0.039194 
0.040719 
0.013072 
0.303834 
0.598563 
0.334489 
0.003197 
0.220946 
0.454282 
0.230901 
0.011445 
0.017145 
0.005818 
0.024730 
0.055310 
0.000042 
0.170225 
0.500792 
0.397354 
0.037073 
0.113613 
0.386161 
0.266767 
0.029653 
0.011509 
0.013412 
0.009681 
0.061230 
0.012077 
0.075374 
0.390672 
0.431158 
0.095620 
0.042541 
0.310646 
0.293526 
0.057099 
0.005281 
0.022021 
0.000885 
0.055163 
0.033024 
0.021805 
0.271694 
0.418679 
0.161145 
0.005801 
0.227992 
0.305506 
0.093674 
0.000519 
0.027428 
0.001604 
0.037206 
0.047515 
0.001045 
0.161658 
0.374855 
0.221586 
0.002110 
0.148932 
0.296431 
0.134923 
0.001657 
0.026018 
0.009999 
0.016079 
0.050976 
0.003836 
0.084626 
0.307428 
0.254322 
0.022571 
0.080285 
0.264218 
0.172616 
0.012426 
0.018374 
0.020177 
0.003047 
0.044520 
0.014418 
0.036155 
0.226731 
0.263200 
0.057358 
0.033249 
0.220164 
0.198269 
0.032198 
0.008642 
0.026447 
0.000093 
0.032649 
0.022072 
0.010277 
0.157493 
0.255431 
0.090943 
0.008007 
0.165820 
0.208813 
0.058572 
0.001677 
0.027144 
0.003664 
0.018862 
0.025688 
0.000801 
0.106905 
0.229848 
0.118878 
0.000017 
0.118351 
0.208374 
0.084409 
0.000203 
0.022789 
0.009551 
0.007856 
0.026308 
0.000532 
0.067857 
0.195956 
0.145688 
0.005553 
0.078570 
0.193778 
0.110793 
0.004984 
0.016866 
0.015097 
0.001869 
0.025415 
0.003468 
0.037818 
0.167772 
0.164932 
0.019182 
0.043170 
0.176159 
0.134555 
0.014859 
0.009703 
0.018991 
0.000005 
0.022424 
0.007889 
0.016738 
0.140014 
0.172633 
0.042087 
0.018564 
0.153046 
0.149899 
0.031575 
0.003829 
0.021248 
0.001267 
0.016313 
0.013082 
0.005264 
0.108507 
0.173017 
0.070899 
0.004550 
0.119372 
0.163306 
0.052820 
0.000416 
0.019611 
0.004893 
0.009399 
0.017753 
0.000573 
0.075560 
0.171409 
0.098982 
0.000088 
0.086054 
0.169776 
0.074633 
0.000972 
0.017175 
0.009639 
0.003955 
0.021804 
0.000472 
0.045171 
0.160991 
0.121576 
0.007824 
0.056441 
0.158997 
0.099796 
0.006792 
0.012298 
0.013612 
0.000533 
0.022384 
0.003805 
0.022900 
0.137793 
0.139560 
0.025648 
0.028884 
0.137895 
0.122564 
0.017436 
0.005450 
0.016921 
0.000127 
0.018008 
0.009298 
0.009571 
0.105657 
0.151100 
0.047058 
0.008426 
0.113316 
0.131304 
0.033561 
0.001353 
0.016934 
0.001721 
0.011678 
0.014359 
0.002329 
0.074269 
0.151832 
0.068191 
0.000280 
0.087426 
0.131951 
0.053073 
0.000004 
0.014136 
0.005168 
0.006931 
0.019407 
0.000004 
0.047342 
0.144707 
0.091481 
0.002650 
0.058416 
0.130841 
0.069865 
0.001953 
0.012055 
0.008880 
0.002565 
0.023287 
0.001748 
0.027382 
0.126547 
0.114465 
0.012138 
0.031787 
0.125644 
0.084994 
0.008711 
0.009096 
0.011845 
0.000161 
0.022078 
0.006974 
0.013290 
0.098274 
0.130579 
0.027275 
0.012810 
0.108571 
0.098866 
0.018295 
0.004302 
0.014819 
0.000365 
0.015799 
0.013933 
0.004424 
0.070798 
0.131267 
0.047182 
0.002769 
0.081972 
0.108542 
0.029462 
0.000657 
0.016023 
0.002086 
0.009037 
0.018628 
0.000239 
0.048365 
0.121461 
0.068787 
0.000038 
0.057249 
0.112058 
0.042873 
0.000105 
0.014266 
0.005765 
0.004622 
0.021624 
0.000888 
0.030954 
0.107613 
0.086117 
0.003523 
0.036633 
0.105969 
0.059043 
0.001802 
0.010383 
0.010520 
0.001536 
0.021579 
0.004230 
0.016349 
0.088319 
0.101920 
0.013620 
0.020836 
0.095606 
0.077752 
0.006265 
0.007094 
0.014260 
0.000003 
0.018881 
0.010099 
0.006822 
0.069663 
0.111296 
0.029820 
0.009890 
0.081420 
0.091539 
0.015589 
0.004425 
0.015980 
0.001555 
0.013845 
0.018137 
0.001576 
0.052300 
0.108180 
0.051766 
0.002079 
0.067042 
0.097086 
0.030940 
0.001514 
0.016436 
0.004957 
0.006723 
0.023705 
0.000056 
0.037295 
0.097016 
0.071327 
0.000321 
0.051819 
0.096133 
0.047610 
0.000016 
0.015999 
0.008522 
0.001866 
0.023603 
0.002910 
0.023679 
0.083982 
0.081412 
0.006935 
0.033920 
0.092888 
0.059696 
0.002652 
0.012648 
0.011540 
0.000101 
0.018572 
0.008071 
0.011738 
0.071287 
0.086058 
0.018645 
0.017833 
0.085304 
0.068595 
0.009646 
0.007519 
0.015052 
0.000311 
0.012458 
0.012588 
0.003457 
0.059020 
0.088386 
0.031113 
0.005575 
0.072488 
0.077744 
0.018659 
0.003146 
0.016747 
0.001661 
0.007546 
0.016638 
0.000238 
0.044291 
0.085257 
0.045425 
0.000344 
0.059079 
0.082086 
0.028341 
0.000277 
0.016424 
0.004676 
0.004297 
0.018476 
0.000382 
0.028742 
0.080865 
0.059768 
0.001087 
0.043104 
0.082734 
0.039117 
0.000520 
0.014158 
0.008712 
0.002081 
0.017810 
0.002724 
0.017431 
0.074389 
0.069729 
0.007704 
0.026961 
0.085019 
0.048691 
0.003059 
0.009670 
0.013523 
0.000265 
0.017373 
0.007873 
0.009560 
0.064659 
0.075720 
0.019916 
0.013476 
0.085222 
0.060724 
0.007465 
0.005362 
0.017305 
0.000479 
0.015840 
0.016708 
0.003366 
0.055362 
0.082332 
0.034369 
0.003206 
0.076641 
0.078646 
0.014023 
0.002623 
0.018318 
0.003939 
0.010759 
0.025342 
0.000034 
0.045159 
0.087047 
0.048080 
0.000045 
0.059349 
0.097168 
0.025633 
0.000790 
0.017184 
0.008913 
0.004135 
0.029373 
0.003043 
0.030849 
0.087724 
0.060964 
0.003759 
0.036488 
0.104312 
0.043687 
0.000009 
0.014949 
0.012961 
0.000439 
0.026691 
0.011494 
0.014852 
0.083611 
0.073105 
0.011633 
0.017832 
0.096854 
0.064514 
0.002019 
0.012248 
0.016126 
0.000216 
0.018229 
0.019996 
0.003783 
0.069954 
0.082118 
0.021814 
0.006431 
0.076836 
0.079519 
0.009081 
0.008360 
0.017607 
0.001815 
0.010321 
0.024345 
0.000029 
0.050119 
0.088142 
0.034267 
0.000977 
0.055875 
0.087773 
0.020609 
0.003652 
0.018368 
0.004739 
0.005348 
0.024815 
0.001781 
0.031944 
0.086925 
0.046385 
0.000181 
0.038630 
0.086640 
0.032960 
0.000424 
0.018731 
0.007885 
0.002037 
0.022185 
0.005864 
0.016840 
0.080510 
0.058039 
0.003761 
0.025415 
0.080088 
0.047588 
0.000398 
0.016516 
0.011558 
0.000198 
0.019073 
0.012243 
0.006439 
0.070584 
0.071202 
0.011294 
0.015051 
0.071781 
0.062375 
0.003492 
0.011846 
0.017201 
0.000212 
0.014036 
0.019683 
0.001295 
0.054495 
0.082644 
0.021084 
0.005613 
0.063152 
0.071087 
0.010767 
0.007196 
0.020641 
0.001642 
0.008521 
0.023164 
0.000102 
0.036642 
0.085999 
0.033375 
0.000661 
0.051562 
0.074679 
0.022180 
0.003035 
0.020347 
0.004915 
0.004582 
0.021470 
0.002473 
0.023194 
0.077810 
0.047328 
0.000431 
0.035960 
0.076552 
0.034414 
0.000384 
0.019341 
0.008796 
0.002402 
0.018278 
0.006286 
0.012967 
0.065713 
0.058726 
0.003739 
0.022088 
0.073476 
0.044127 
0.000456 
0.017240 
0.012696 
0.000737 
0.016901 
0.011022 
0.006715 
0.058073 
0.064041 
0.008768 
0.011728 
0.064959 
0.054358 
0.004350 
0.014155 
0.018146 
0.000003 
0.017620 
0.016339 
0.002553 
0.052558 
0.068966 
0.016610 
0.005631 
0.055797 
0.063488 
0.010850 
0.009457 
0.025165 
0.001166 
0.016974 
0.024216 
0.000047 
0.048051 
0.080814 
0.027690 
0.002466 
0.047419 
0.070593 
0.020196 
0.003870 
0.031580 
0.006709 
0.012320 
0.036049 
0.003391 
0.038668 
0.097443 
0.045373 
0.000302 
0.041809 
0.076720 
0.032987 
0.000441 
0.033338 
0.018687 
0.004946 
0.045106 
0.017291 
0.021384 
0.110867 
0.074231 
0.001297 
0.036552 
0.083250 
0.048911 
0.000559 
0.028390 
0.033562 
0.000063 
0.043550 
0.038712 
0.004364 
0.106965 
0.112084 
0.011319 
0.027226 
0.089650 
0.065951 
0.005184 
0.019404 
0.044444 
0.003915 
0.030670 
0.058533 
0.000841 
0.080575 
0.147122 
0.035231 
0.013311 
0.091178 
0.085032 
0.014572 
0.010001 
0.047393 
0.014904 
0.013207 
0.066140 
0.013679 
0.043809 
0.158876 
0.072902 
0.002010 
0.082282 
0.104111 
0.027719 
0.003050 
0.043317 
0.026702 
0.002342 
0.058853 
0.033502 
0.014467 
0.141219 
0.114701 
0.001517 
0.062136 
0.117730 
0.045804 
0.000090 
0.034746 
0.035727 
0.000104 
0.040524 
0.049127 
0.001132 
0.105836 
0.142032 
0.015582 
0.037826 
0.119799 
0.067518 
0.001241 
0.025075 
0.040308 
0.003267 
0.023272 
0.055557 
0.001643 
0.066979 
0.148226 
0.041963 
0.015569 
0.108907 
0.089241 
0.007029 
0.015298 
0.041461 
0.009250 
0.011705 
0.052841 
0.009963 
0.036725 
0.138460 
0.070644 
0.002835 
0.091699 
0.105197 
0.018398 
0.008521 
0.041258 
0.015854 
0.004423 
0.045404 
0.020376 
0.015936 
0.118789 
0.096726 
0.000547 
0.067782 
0.116606 
0.035812 
0.002981 
0.037616 
0.024515 
0.000573 
0.037510 
0.032983 
0.008347 
0.005989 
0.001874 
0.000015 
0.000978 
0.003437 
0.006090 
0.008469 
0.009515 
0.006022 
0.000350 
0.003333 
0.010482 
0.008571 
0.003337 
0.001133 
0.000274 
0.000117 
0.001301 
0.001913 
0.003721 
0.012553 
0.021017 
0.006469 
0.003610 
0.021808 
0.012224 
0.000982 
0.000211 
0.001258 
0.000120 
0.001558 
0.001058 
0.000017 
0.004694 
0.036382 
0.034090 
0.000152 
0.039322 
0.028848 
0.000242 
0.001055 
0.001839 
0.003180 
0.001526 
0.004125 
0.000812 
0.000591 
0.027665 
0.084103 
0.011791 
0.042440 
0.071999 
0.002380 
0.009140 
0.000047 
0.012132 
0.000021 
0.012641 
0.000014 
0.012779 
0.003554 
0.110423 
0.074299 
0.015341 
0.129109 
0.023541 
0.016515 
0.006570 
0.015920 
0.008449 
0.015142 
0.007790 
0.018605 
0.007649 
0.072760 
0.168229 
0.002535 
0.140262 
0.091773 
0.006804 
0.032727 
0.004982 
0.031480 
0.003538 
0.030019 
0.005122 
0.039923 
0.013748 
0.204137 
0.065611 
0.075037 
0.181943 
0.002588 
0.052954 
0.001922 
0.040903 
0.003389 
0.038487 
0.002109 
0.049314 
0.003472 
0.140871 
0.169943 
0.006774 
0.206913 
0.048392 
0.035327 
0.025338 
0.021780 
0.025491 
0.020033 
0.022066 
0.024239 
0.033519 
0.048781 
0.215637 
0.015918 
0.138011 
0.123444 
0.004927 
0.047991 
0.002139 
0.039824 
0.001419 
0.035742 
0.002582 
0.050496 
0.003344 
0.174470 
0.078738 
0.048468 
0.160742 
0.004701 
0.043530 
0.002676 
0.032799 
0.003475 
0.030822 
0.001986 
0.040925 
0.004655 
0.100020 
0.129554 
0.003560 
0.141828 
0.032658 
0.023408 
0.013966 
0.017625 
0.014958 
0.018151 
0.012990 
0.021044 
0.021195 
0.040118 
0.143270 
0.006073 
0.095607 
0.065192 
0.006477 
0.024293 
0.005484 
0.024944 
0.004473 
0.021976 
0.006075 
0.034578 
0.007405 
0.125865 
0.034112 
0.048545 
0.089076 
0.000027 
0.029442 
0.000090 
0.028548 
0.000129 
0.025534 
0.000023 
0.033879 
0.000219 
0.089961 
0.068665 
0.013763 
0.097327 
0.006757 
0.026514 
0.003532 
0.022976 
0.006533 
0.020874 
0.004811 
0.024539 
0.009447 
0.047452 
0.092328 
0.000121 
0.085338 
0.025946 
0.015722 
0.013809 
0.011386 
0.016812 
0.008761 
0.011711 
0.011208 
0.020344 
0.017201 
0.096741 
0.008199 
0.058450 
0.049325 
0.004131 
0.023199 
0.002100 
0.022256 
0.000779 
0.016328 
0.001670 
0.025440 
0.001695 
0.079342 
0.028640 
0.028413 
0.065473 
0.000071 
0.025235 
0.000268 
0.020189 
0.000944 
0.017438 
0.000129 
0.025586 
0.001121 
0.056896 
0.051239 
0.007621 
0.069427 
0.006021 
0.020174 
0.004669 
0.013684 
0.005573 
0.013567 
0.002518 
0.018167 
0.007307 
0.030472 
0.063470 
0.000049 
0.059341 
0.018904 
0.011382 
0.011507 
0.006554 
0.010986 
0.006332 
0.007415 
0.008106 
0.017140 
0.010132 
0.068865 
0.005697 
0.043742 
0.035002 
0.003675 
0.017570 
0.001478 
0.014749 
0.001137 
0.013426 
0.002077 
0.024090 
0.001295 
0.060294 
0.018319 
0.023635 
0.046208 
0.000032 
0.019549 
0.000080 
0.015130 
0.000202 
0.017046 
0.000013 
0.021883 
0.000717 
0.040443 
0.035096 
0.007299 
0.053028 
0.002882 
0.017841 
0.002735 
0.012069 
0.003172 
0.014035 
0.001711 
0.013924 
0.007110 
0.023375 
0.048116 
0.000605 
0.048475 
0.010800 
0.011215 
0.007946 
0.006679 
0.007935 
0.007220 
0.006403 
0.007357 
0.014508 
0.010914 
0.048549 
0.001734 
0.036653 
0.023652 
0.005094 
0.013583 
0.002418 
0.011778 
0.001949 
0.012226 
0.002901 
0.017235 
0.002127 
0.044248 
0.010937 
0.025678 
0.033688 
0.000915 
0.015980 
0.000064 
0.013189 
0.000008 
0.015944 
0.000304 
0.015474 
0.000219 
0.038157 
0.021246 
0.012393 
0.039068 
0.000645 
0.016774 
0.001004 
0.012188 
0.001339 
0.014030 
0.000552 
0.012762 
0.003729 
0.027903 
0.029874 
0.002354 
0.043789 
0.005008 
0.013567 
0.004026 
0.007929 
0.005082 
0.008993 
0.003839 
0.009852 
0.008415 
0.014202 
0.039174 
0.000082 
0.041004 
0.012288 
0.007530 
0.010050 
0.004480 
0.009451 
0.004038 
0.010162 
0.005852 
0.011938 
0.003813 
0.046251 
0.003325 
0.029063 
0.025204 
0.002968 
0.014809 
0.001198 
0.011998 
0.000389 
0.015863 
0.001712 
0.014238 
0.000067 
0.042621 
0.011956 
0.015356 
0.036558 
0.000225 
0.015079 
0.000156 
0.013271 
0.000314 
0.015358 
0.000038 
0.015083 
0.001154 
0.028776 
0.024061 
0.006617 
0.038577 
0.001541 
0.014466 
0.002114 
0.010822 
0.002569 
0.010773 
0.002067 
0.013100 
0.004299 
0.016114 
0.036652 
0.001217 
0.034935 
0.008113 
0.012676 
0.005164 
0.006163 
0.007593 
0.006835 
0.007445 
0.009125 
0.008526 
0.006614 
0.044018 
0.000509 
0.032334 
0.016898 
0.006799 
0.011343 
0.003045 
0.012155 
0.002061 
0.015695 
0.004623 
0.014383 
0.001254 
0.041208 
0.008207 
0.026371 
0.025837 
0.001283 
0.019131 
0.000526 
0.013622 
0.000028 
0.019241 
0.000308 
0.019275 
0.000043 
0.030183 
0.022438 
0.013967 
0.034347 
0.000159 
0.019290 
0.000605 
0.013500 
0.001775 
0.014258 
0.001624 
0.018829 
0.002148 
0.019602 
0.031863 
0.003185 
0.039981 
0.002904 
0.013306 
0.005205 
0.010511 
0.004525 
0.007507 
0.006078 
0.012098 
0.006962 
0.010842 
0.033756 
0.000050 
0.037493 
0.008027 
0.007983 
0.009937 
0.005442 
0.009356 
0.003778 
0.011592 
0.006052 
0.013456 
0.004144 
0.034924 
0.004130 
0.030970 
0.017590 
0.004514 
0.012831 
0.001136 
0.014632 
0.001159 
0.016510 
0.002244 
0.018629 
0.000859 
0.032553 
0.012360 
0.020472 
0.031763 
0.001949 
0.015890 
0.000019 
0.016819 
0.000207 
0.019735 
0.000024 
0.024106 
0.000326 
0.027330 
0.023001 
0.007325 
0.047442 
0.000029 
0.020324 
0.001410 
0.014282 
0.004564 
0.017795 
0.005278 
0.024998 
0.005770 
0.021565 
0.031946 
0.000476 
0.051433 
0.005751 
0.022202 
0.006215 
0.009564 
0.011473 
0.008567 
0.017424 
0.014862 
0.018883 
0.012314 
0.039297 
0.001237 
0.039307 
0.021658 
0.015112 
0.015585 
0.004913 
0.016150 
0.001473 
0.025322 
0.002934 
0.031037 
0.002757 
0.043247 
0.006352 
0.023398 
0.035126 
0.003999 
0.024248 
0.000820 
0.017061 
0.000101 
0.022736 
0.000187 
0.030974 
0.000274 
0.038006 
0.015350 
0.010764 
0.040908 
0.000032 
0.027650 
0.000457 
0.017139 
0.002084 
0.015205 
0.003732 
0.021362 
0.006205 
0.026144 
0.027240 
0.003779 
0.041281 
0.003275 
0.022916 
0.004341 
0.013658 
0.004927 
0.008691 
0.009622 
0.012280 
0.013637 
0.015625 
0.033960 
0.000228 
0.033699 
0.010583 
0.014287 
0.011509 
0.009140 
0.009716 
0.005183 
0.014261 
0.007259 
0.017780 
0.007257 
0.035848 
0.000871 
0.027336 
0.018837 
0.007638 
0.018980 
0.005053 
0.016208 
0.003361 
0.018477 
0.003471 
0.025841 
0.001949 
0.043022 
0.004123 
0.024325 
0.025108 
0.002679 
0.025324 
0.000859 
0.026737 
0.000448 
0.028316 
0.000080 
0.040924 
0.000151 
0.056568 
0.013459 
0.021120 
0.035585 
0.000166 
0.032947 
0.001108 
0.035392 
0.002821 
0.037194 
0.007065 
0.049738 
0.011643 
0.055258 
0.040765 
0.013441 
0.056553 
0.001643 
0.034912 
0.011053 
0.029497 
0.021425 
0.027750 
0.034018 
0.031941 
0.049567 
0.029033 
0.087609 
0.001550 
0.075345 
0.012793 
0.028459 
0.029461 
0.012611 
0.045989 
0.006566 
0.063046 
0.004900 
0.086501 
0.002401 
0.118996 
0.006395 
0.075617 
0.038980 
0.015105 
0.046550 
0.001049 
0.054236 
0.000658 
0.066391 
0.003196 
0.082660 
0.008847 
0.102345 
0.041013 
0.047964 
0.072291 
0.002649 
0.055381 
0.001958 
0.044680 
0.011822 
0.041280 
0.023609 
0.048193 
0.038837 
0.055188 
0.083197 
0.014410 
0.096474 
0.001292 
0.052041 
0.010783 
0.027064 
0.024462 
0.016998 
0.041145 
0.017149 
0.058912 
0.015324 
0.103106 
0.000182 
0.097263 
0.013062 
0.040285 
0.024133 
0.014175 
0.034927 
0.004944 
0.049184 
0.002456 
0.066234 
0.000532 
0.104250 
0.008706 
0.081138 
0.037599 
0.023441 
0.043492 
0.005701 
0.042952 
0.000107 
0.050776 
0.000578 
0.062567 
0.005623 
0.090886 
0.034800 
0.051368 
0.076162 
0.007678 
0.063991 
0.000038 
0.047094 
0.005048 
0.044279 
0.012877 
0.044608 
0.028023 
0.053001 
0.071736 
0.015980 
0.106340 
0.000106 
0.064584 
0.008785 
0.039284 
0.020088 
0.022266 
0.035286 
0.020204 
0.046378 
0.014554 
0.092588 
0.000416 
0.093155 
0.012404 
0.042032 
0.023662 
0.017156 
0.025666 
0.004495 
0.036421 
0.004106 
0.038954 
0.001375 
0.076304 
0.002328 
0.058539 
0.024423 
0.021862 
0.021986 
0.005777 
0.018572 
0.001487 
0.020780 
0.001650 
0.029534 
0.001021 
0.058479 
0.002993 
0.050592 
0.019568 
0.022004 
0.016185 
0.011081 
0.016414 
0.008548 
0.021149 
0.005663 
0.045892 
0.003167 
0.083689 
0.005127 
0.083678 
0.028576 
0.042989 
0.037569 
0.030300 
0.049884 
0.018322 
0.071614 
0.003848 
0.125127 
0.000493 
0.170929 
0.044949 
0.138805 
0.118934 
0.056464 
0.160696 
0.021863 
0.186022 
0.001202 
0.210216 
0.012366 
0.235785 
0.072603 
0.216005 
0.242353 
0.096242 
0.394381 
0.006048 
0.405227 
0.011129 
0.363295 
0.079503 
0.279925 
0.206524 
0.179941 
0.397420 
0.073853 
0.634822 
0.000767 
0.700612 
0.110114 
0.492633 
0.306570 
0.281112 
0.497357 
0.096179 
0.653220 
0.004292 
0.781739 
0.036982 
0.803114 
0.303859 
0.562646 
0.709435 
0.188093 
0.951529 
0.013869 
0.978917 
0.039672 
0.843715 
0.245837 
0.655273 
0.559726 
0.397806 
1.056845 
0.087439 
1.382762 
0.021309 
1.214581 
0.262056 
0.827449 
0.623125 
0.413288 
0.969086 
0.129508 
1.229834 
0.003303 
1.430702 
0.137919 
1.246043 
0.633873 
0.662687 
1.115420 
0.192923 
1.359648 
0.003958 
1.333348 
0.083816 
1.156663 
0.356095 
0.902851 
0.897566 
0.436312 
1.483209 
0.043808 
1.594661 
0.052991 
1.301814 
0.346278 
0.846366 
0.710946 
0.439782 
1.042227 
0.157020 
1.432032 
0.000820 
1.539877 
0.207923 
1.121231 
0.641949 
0.550801 
1.028219 
0.159004 
1.181351 
0.006047 
1.154401 
0.047047 
1.125964 
0.308177 
0.820987 
0.821928 
0.324240 
1.160672 
0.031041 
1.182362 
0.032458 
0.959529 
0.192856 
0.653450 
0.410208 
0.440567 
0.740905 
0.165963 
1.076611 
0.000942 
1.051485 
0.108839 
0.745071 
0.352255 
0.410488 
0.525053 
0.155293 
0.628682 
0.041424 
0.776110 
0.002802 
0.814129 
0.153721 
0.578116 
0.406171 
0.253008 
0.591487 
0.057802 
0.604147 
0.000350 
0.525362 
0.025075 
0.517692 
0.130063 
0.410416 
0.372694 
0.175538 
0.551816 
0.020650 
0.572721 
0.010186 
0.444309 
0.071290 
0.291535 
0.141340 
0.232728 
0.262015 
0.129535 
0.455277 
0.011989 
0.516582 
0.020064 
0.403892 
0.113018 
0.239491 
