15.736175 
15.733924 
15.727356 
15.716474 
15.701286 
15.681798 
15.658021 
15.629970 
15.597659 
15.561106 
15.520331 
15.475356 
15.426207 
15.372911 
15.315496 
15.253995 
15.188441 
15.118870 
15.045321 
14.967834 
14.886452 
14.801220 
14.712184 
14.619394 
14.522901 
14.422758 
14.319019 
14.211743 
14.100988 
13.986815 
13.869287 
13.748469 
13.624427 
13.497230 
13.366947 
13.233650 
13.097413 
12.958311 
12.816420 
12.671818 
12.524586 
12.374803 
12.222552 
12.067918 
11.910985 
11.751840 
11.590570 
11.427264 
11.262012 
11.094905 
10.926034 
10.755493 
10.583376 
10.409777 
10.234792 
10.058516 
9.881048 
9.702484 
9.522923 
9.342464 
9.161206 
8.979248 
8.796691 
8.613635 
8.430181 
8.246429 
8.062482 
7.878439 
7.694402 
7.510473 
7.326752 
7.143341 
6.960340 
6.777850 
6.595971 
6.414804 
6.234447 
6.055001 
5.876563 
5.699232 
5.523105 
5.348280 
5.174852 
5.002916 
4.832567 
4.663899 
4.497004 
4.331975 
4.168901 
4.007872 
3.848978 
3.692305 
3.537939 
3.385965 
3.236467 
3.089526 
2.945224 
2.803640 
2.664852 
2.528935 
2.395965 
2.266014 
2.139155 
2.015456 
1.894986 
1.777810 
1.663994 
1.553599 
1.446686 
1.343315 
1.243541 
1.147421 
1.055005 
0.966346 
0.881491 
0.800488 
0.723381 
0.650212 
0.581022 
0.515848 
0.454727 
0.397691 
0.344773 
0.296001 
0.251402 
0.211000 
0.174818 
0.142876 
0.115190 
0.091778 
0.072650 
0.057818 
0.047290 
0.041071 
0.039166 
0.041574 
0.048296 
0.059326 
0.074660 
0.094288 
0.118199 
0.146382 
0.178820 
0.215495 
0.256388 
0.301475 
0.350732 
0.404133 
0.461647 
0.523243 
0.588887 
0.658544 
0.732175 
0.809739 
0.891194 
0.976495 
1.065596 
1.158447 
1.254997 
1.355194 
1.458983 
1.566305 
1.677103 
1.791316 
1.908880 
2.029732 
2.153804 
2.281029 
2.411337 
2.544656 
2.680913 
2.820033 
2.961940 
3.106555 
3.253800 
3.403593 
3.555852 
3.710494 
3.867432 
4.026582 
4.187856 
4.351165 
4.516419 
4.683527 
4.852398 
5.022939 
5.195056 
5.368654 
5.543639 
5.719913 
5.897381 
6.075943 
6.255503 
6.435962 
6.617220 
6.799177 
6.981734 
7.164790 
7.348245 
7.531998 
7.715947 
7.899992 
8.084030 
8.267962 
8.451686 
8.635101 
8.818106 
9.000600 
9.182483 
9.363655 
9.544016 
9.723467 
9.901909 
10.079244 
10.255375 
10.430205 
10.603637 
10.775576 
10.945927 
11.114598 
11.281494 
11.446524 
11.609597 
11.770624 
11.929515 
12.086184 
12.240545 
12.392511 
12.542000 
12.688929 
12.833218 
12.974787 
13.113558 
13.249454 
13.382402 
13.512327 
13.639158 
13.762825 
13.883261 
14.000399 
14.114174 
14.224524 
14.331389 
14.434708 
14.534426 
14.630487 
14.722839 
14.811430 
14.896213 
14.977139 
15.054166 
15.127249 
15.196350 
15.261430 
15.322452 
15.379385 
15.432195 
15.480855 
15.525336 
15.565616 
15.601671 
15.633483 
15.661032 
15.684304 
15.703287 
15.717970 
15.728344 
15.734405 
15.736148 
15.733573 
15.726681 
15.715476 
15.699964 
15.680154 
15.656056 
15.627684 
15.595054 
15.558184 
15.517093 
15.471804 
15.422343 
15.368737 
15.311014 
15.249208 
15.183352 
15.113481 
15.039636 
14.961856 
14.880184 
14.794665 
14.705347 
14.612278 
14.515510 
14.415096 
14.311091 
14.203552 
14.092540 
13.978114 
13.860338 
13.739277 
13.614997 
13.487567 
13.357057 
13.223539 
13.087086 
12.947774 
12.805679 
12.660879 
12.513453 
12.363485 
12.211054 
12.056247 
11.899147 
11.739841 
11.578418 
11.414965 
11.249573 
11.082332 
10.913336 
10.742676 
10.570446 
10.396742 
10.221659 
10.045293 
9.867742 
9.689102 
9.509473 
9.328953 
9.147641 
8.965637 
8.783042 
8.599955 
8.416477 
8.232710 
8.048754 
7.864710 
7.680680 
7.496765 
7.313066 
7.129684 
6.946720 
6.764274 
6.582447 
6.401339 
6.221049 
6.041676 
5.863320 
5.686077 
5.510046 
5.335323 
5.162005 
4.990186 
4.819961 
4.651423 
4.484666 
4.319781 
4.156857 
3.995986 
3.837256 
3.680752 
3.526563 
3.374772 
3.225462 
3.078716 
2.934615 
2.793237 
2.654660 
2.518961 
2.386214 
2.256491 
2.129865 
2.006404 
1.886177 
1.769250 
1.655686 
1.545548 
1.438897 
1.335791 
1.236287 
1.140440 
1.048302 
0.959924 
0.875353 
0.794638 
0.717822 
0.644947 
0.576054 
0.511179 
0.450360 
0.393628 
0.341016 
0.292553 
0.248264 
0.208174 
0.172306 
0.140678 
0.113309 
0.090214 
0.071404 
0.056890 
0.046681 
0.040782 
0.039196 
0.041924 
0.048965 
0.060314 
0.075966 
0.095912 
0.120141 
0.148639 
0.181391 
0.218380 
0.259584 
0.304981 
0.354546 
0.408253 
0.466070 
0.527968 
0.593911 
0.663864 
0.737788 
0.815642 
0.897384 
0.982969 
1.072350 
1.165477 
1.262300 
1.362766 
1.466819 
1.574402 
1.685456 
1.799920 
1.917731 
2.038824 
2.163134 
2.290591 
2.421126 
2.554666 
2.691139 
2.830470 
2.972582 
3.117396 
3.264834 
3.414814 
3.567254 
3.722071 
3.879178 
4.038490 
4.199920 
4.363377 
4.528774 
4.696018 
4.865018 
5.035681 
5.207913 
5.381619 
5.556705 
5.733073 
5.910627 
6.089269 
6.268901 
6.449424 
6.630739 
6.812747 
6.995346 
7.178438 
7.361920 
7.545692 
7.729654 
7.913704 
8.097740 
8.281662 
8.465368 
8.648757 
8.831729 
9.014183 
9.196018 
9.377135 
9.557433 
9.736814 
9.915179 
10.092429 
10.268468 
10.443198 
10.616524 
10.788349 
10.958579 
11.127122 
11.293883 
11.458771 
11.621696 
11.782568 
11.941297 
12.097798 
12.251983 
12.403768 
12.553070 
12.699805 
12.843894 
12.985257 
13.123816 
13.259495 
13.392220 
13.521916 
13.648514 
13.771942 
13.892134 
14.009023 
14.122544 
14.232636 
14.339237 
14.442288 
14.541734 
14.637520 
14.729592 
14.817899 
14.902395 
14.983030 
15.059763 
15.132549 
15.201349 
15.266126 
15.326843 
15.383467 
15.435967 
15.484314 
15.528482 
15.568445 
15.604183 
15.635674 
15.662903 
15.685854 
15.704514 
15.718874 
15.728925 
15.734661 
15.736080 
15.733181 
15.725965 
15.714436 
15.698601 
15.678469 
15.654050 
15.625359 
15.592410 
15.555222 
15.513815 
15.468213 
15.418440 
15.364524 
15.306494 
15.244383 
15.178224 
15.108055 
15.033913 
14.955840 
14.873879 
14.788074 
14.698473 
14.605126 
14.508083 
14.407398 
14.303127 
14.195327 
14.084058 
13.969380 
13.851356 
13.730053 
13.605536 
13.477874 
13.347137 
13.213398 
13.076730 
12.937208 
12.794909 
12.649911 
12.502294 
12.352140 
12.199531 
12.044550 
11.887284 
11.727819 
11.566242 
11.402643 
11.237112 
11.069739 
10.900616 
10.729838 
10.557497 
10.383689 
10.208509 
10.032054 
9.854420 
9.675705 
9.496008 
9.315428 
9.134063 
8.952014 
8.769381 
8.586264 
8.402764 
8.218981 
8.035017 
7.850974 
7.666951 
7.483051 
7.299375 
7.116023 
6.933096 
6.750695 
6.568921 
6.387872 
6.207650 
6.028352 
5.850077 
5.672923 
5.496988 
5.322369 
5.149161 
4.977459 
4.807359 
4.638953 
4.472333 
4.307593 
4.144821 
3.984108 
3.825541 
3.669209 
3.515196 
3.363588 
3.214468 
3.067917 
2.924017 
2.782846 
2.644482 
2.509001 
2.376477 
2.246983 
2.120590 
1.997369 
1.877385 
1.760706 
1.647395 
1.537515 
1.431126 
1.328286 
1.229052 
1.133479 
1.041618 
0.953521 
0.869236 
0.788809 
0.712284 
0.639703 
0.571107 
0.506532 
0.446015 
0.389588 
0.337282 
0.289127 
0.245149 
0.205372 
0.169817 
0.138505 
0.111452 
0.088673 
0.070181 
0.055986 
0.046096 
0.040517 
0.039250 
0.042298 
0.049658 
0.061326 
0.077296 
0.097560 
0.122105 
0.150919 
0.183986 
0.221287 
0.262803 
0.308510 
0.358383 
0.412395 
0.470516 
0.532715 
0.598956 
0.669205 
0.743422 
0.821566 
0.903594 
0.989462 
1.079123 
1.172527 
1.269622 
1.370356 
1.474673 
1.582516 
1.693825 
1.808540 
1.926598 
2.047933 
2.172479 
2.300167 
2.430928 
2.564690 
2.701379 
2.840919 
2.983235 
3.128248 
3.275879 
3.426045 
3.578666 
3.733657 
3.890932 
4.050406 
4.211990 
4.375596 
4.541134 
4.708514 
4.877642 
5.048426 
5.220773 
5.394586 
5.569772 
5.746233 
5.923873 
6.102594 
6.282297 
6.462884 
6.644256 
6.826313 
7.008954 
7.192080 
7.375589 
7.559380 
7.743354 
7.927408 
8.111440 
8.295351 
8.479039 
8.662403 
8.845341 
9.027754 
9.209540 
9.390601 
9.570835 
9.750145 
9.928432 
10.105597 
10.281543 
10.456173 
10.629391 
10.801102 
10.971211 
11.139624 
11.306250 
11.470996 
11.633772 
11.794487 
11.953054 
12.109386 
12.263395 
12.414999 
12.564112 
12.710653 
12.854542 
12.995698 
13.134045 
13.269506 
13.402007 
13.531475 
13.657838 
13.781027 
13.900974 
14.017613 
14.130880 
14.240712 
14.347050 
14.449834 
14.549007 
14.644516 
14.736308 
14.824332 
14.908539 
14.988884 
15.065322 
15.137811 
15.206311 
15.270784 
15.331195 
15.387511 
15.439700 
15.487735 
15.531587 
15.571234 
15.606654 
15.637826 
15.664734 
15.687363 
15.705701 
15.719737 
15.729464 
15.734877 
15.735972 
15.732748 
15.725208 
15.713356 
15.697199 
15.676744 
15.652004 
15.622993 
15.589725 
15.552220 
15.510498 
15.464582 
15.414497 
15.360272 
15.301935 
15.239519 
15.173059 
15.102591 
15.028153 
14.949787 
14.867537 
14.781446 
14.691563 
14.597938 
14.500621 
14.399666 
14.295130 
14.187068 
14.075542 
13.960612 
13.842342 
13.720797 
13.596043 
13.468150 
13.337187 
13.203227 
13.066344 
12.926613 
12.784111 
12.638916 
12.491108 
12.340769 
12.187981 
12.032828 
11.875397 
11.715772 
11.554044 
11.390299 
11.224629 
11.057124 
10.887877 
10.716980 
10.544529 
10.370617 
10.195341 
10.018797 
9.841081 
9.662292 
9.482528 
9.301889 
9.120472 
8.938378 
8.755708 
8.572561 
8.389039 
8.205242 
8.021272 
7.837229 
7.653215 
7.469330 
7.285677 
7.102356 
6.919468 
6.737113 
6.555391 
6.374403 
6.194249 
6.015026 
5.836834 
5.659770 
5.483932 
5.309417 
5.136320 
4.964736 
4.794761 
4.626487 
4.460006 
4.295411 
4.132791 
3.972237 
3.813835 
3.657674 
3.503839 
3.352415 
3.203485 
3.057130 
2.913431 
2.772468 
2.634317 
2.499054 
2.366754 
2.237489 
2.111331 
1.988348 
1.868609 
1.752179 
1.639121 
1.529499 
1.423372 
1.320799 
1.221836 
1.126537 
1.034954 
0.947139 
0.863139 
0.783000 
0.706767 
0.634480 
0.566181 
0.501906 
0.441691 
0.385569 
0.333571 
0.285725 
0.242057 
0.202592 
0.167351 
0.136354 
0.109617 
0.087156 
0.068982 
0.055106 
0.045535 
0.040275 
0.039328 
0.042695 
0.050374 
0.062361 
0.078650 
0.099231 
0.124093 
0.153223 
0.186604 
0.224218 
0.266045 
0.312061 
0.362242 
0.416559 
0.474984 
0.537483 
0.604023 
0.674567 
0.749076 
0.827510 
0.909825 
0.995976 
1.085916 
1.179595 
1.276962 
1.377964 
1.482545 
1.590647 
1.702212 
1.817177 
1.935480 
2.057057 
2.181839 
2.309758 
2.440745 
2.574727 
2.711631 
2.851381 
2.993900 
3.139111 
3.286934 
3.437286 
3.590087 
3.745251 
3.902694 
4.062328 
4.224067 
4.387821 
4.553500 
4.721014 
4.890270 
5.061175 
5.233635 
5.407555 
5.582841 
5.759394 
5.937119 
6.115918 
6.295692 
6.476342 
6.657770 
6.839875 
0.618952 
0.618864 
0.618605 
0.618177 
0.617580 
0.616814 
0.615879 
0.614776 
0.613506 
0.612068 
0.610465 
0.608697 
0.606764 
0.604669 
0.602411 
0.599993 
0.597415 
0.594680 
0.591787 
0.588741 
0.585541 
0.582189 
0.578688 
0.575039 
0.571245 
0.567307 
0.563228 
0.559010 
0.554654 
0.550165 
0.545543 
0.540792 
0.535915 
0.530913 
0.525789 
0.520548 
0.515190 
0.509720 
0.504140 
0.498453 
0.492663 
0.486773 
0.480786 
0.474704 
0.468533 
0.462274 
0.455932 
0.449509 
0.443010 
0.436438 
0.429797 
0.423089 
0.416320 
0.409492 
0.402610 
0.395677 
0.388697 
0.381674 
0.374612 
0.367514 
0.360385 
0.353228 
0.346048 
0.338848 
0.331632 
0.324404 
0.317169 
0.309930 
0.302691 
0.295456 
0.288229 
0.281015 
0.273816 
0.266638 
0.259483 
0.252357 
0.245262 
0.238203 
0.231184 
0.224208 
0.217280 
0.210403 
0.203580 
0.196817 
0.190115 
0.183480 
0.176915 
0.170422 
0.164007 
0.157672 
0.151421 
0.145258 
0.139185 
0.133206 
0.127325 
0.121544 
0.115867 
0.110297 
0.104837 
0.099490 
0.094258 
0.089146 
0.084155 
0.079288 
0.074549 
0.069939 
0.065461 
0.061118 
0.056912 
0.052845 
0.048920 
0.045138 
0.041502 
0.038014 
0.034676 
0.031489 
0.028456 
0.025577 
0.022855 
0.020291 
0.017887 
0.015643 
0.013561 
0.011643 
0.009888 
0.008299 
0.006876 
0.005619 
0.004530 
0.003609 
0.002857 
0.002274 
0.001860 
0.001616 
0.001541 
0.001636 
0.001901 
0.002335 
0.002939 
0.003711 
0.004652 
0.005761 
0.007038 
0.008481 
0.010090 
0.011864 
0.013803 
0.015904 
0.018167 
0.020590 
0.023173 
0.025914 
0.028811 
0.031863 
0.035067 
0.038423 
0.041929 
0.045582 
0.049380 
0.053322 
0.057405 
0.061628 
0.065987 
0.070480 
0.075105 
0.079859 
0.084740 
0.089745 
0.094871 
0.100115 
0.105475 
0.110948 
0.116530 
0.122218 
0.128010 
0.133903 
0.139892 
0.145975 
0.152148 
0.158408 
0.164751 
0.171175 
0.177675 
0.184247 
0.190889 
0.197597 
0.204367 
0.211195 
0.218077 
0.225010 
0.231990 
0.239013 
0.246075 
0.253172 
0.260301 
0.267457 
0.274637 
0.281836 
0.289051 
0.296278 
0.303512 
0.310750 
0.317987 
0.325221 
0.332446 
0.339659 
0.346856 
0.354033 
0.361186 
0.368310 
0.375403 
0.382460 
0.389478 
0.396451 
0.403378 
0.410253 
0.417073 
0.423835 
0.430534 
0.437167 
0.443730 
0.450220 
0.456633 
0.462965 
0.469214 
0.475375 
0.481445 
0.487421 
0.493300 
0.499078 
0.504752 
0.510320 
0.515777 
0.521121 
0.526350 
0.531460 
0.536448 
0.541311 
0.546048 
0.550655 
0.555130 
0.559470 
0.563673 
0.567737 
0.571659 
0.575437 
0.579070 
0.582555 
0.585890 
0.589073 
0.592104 
0.594979 
0.597697 
0.600258 
0.602659 
0.604899 
0.606977 
0.608892 
0.610643 
0.612229 
0.613648 
0.614901 
0.615986 
0.616903 
0.617651 
0.618231 
0.618640 
0.618881 
0.618951 
0.618852 
0.618583 
0.618144 
0.617536 
0.616759 
0.615813 
0.614700 
0.613419 
0.611971 
0.610357 
0.608578 
0.606635 
0.604528 
0.602260 
0.599832 
0.597244 
0.594498 
0.591596 
0.588539 
0.585329 
0.581967 
0.578456 
0.574798 
0.570994 
0.567047 
0.562958 
0.558730 
0.554366 
0.549867 
0.545236 
0.540476 
0.535590 
0.530579 
0.525448 
0.520197 
0.514832 
0.509354 
0.503766 
0.498072 
0.492274 
0.486376 
0.480382 
0.474293 
0.468115 
0.461850 
0.455501 
0.449072 
0.442567 
0.435989 
0.429342 
0.422630 
0.415855 
0.409023 
0.402136 
0.395198 
0.388214 
0.381187 
0.374121 
0.367020 
0.359888 
0.352728 
0.345545 
0.338342 
0.331124 
0.323895 
0.316658 
0.309417 
0.302177 
0.294942 
0.287715 
0.280500 
0.273302 
0.266124 
0.258970 
0.251845 
0.244751 
0.237694 
0.230677 
0.223703 
0.216777 
0.209903 
0.203083 
0.196323 
0.189625 
0.182994 
0.176433 
0.169945 
0.163535 
0.157205 
0.150960 
0.144802 
0.138735 
0.132763 
0.126888 
0.121114 
0.115444 
0.109882 
0.104429 
0.099090 
0.093867 
0.088763 
0.083781 
0.078924 
0.074193 
0.069593 
0.065125 
0.060792 
0.056596 
0.052539 
0.048625 
0.044854 
0.041229 
0.037752 
0.034425 
0.031250 
0.028228 
0.025361 
0.022651 
0.020100 
0.017707 
0.015476 
0.013407 
0.011501 
0.009759 
0.008182 
0.006772 
0.005529 
0.004453 
0.003545 
0.002806 
0.002236 
0.001835 
0.001604 
0.001542 
0.001651 
0.001929 
0.002376 
0.002993 
0.003778 
0.004733 
0.005855 
0.007144 
0.008600 
0.010222 
0.012009 
0.013960 
0.016073 
0.018349 
0.020785 
0.023379 
0.026132 
0.029041 
0.032104 
0.035321 
0.038688 
0.042204 
0.045868 
0.049678 
0.053630 
0.057724 
0.061956 
0.066325 
0.070828 
0.075462 
0.080225 
0.085115 
0.090129 
0.095263 
0.100516 
0.105884 
0.111364 
0.116954 
0.122649 
0.128448 
0.134347 
0.140342 
0.146431 
0.152610 
0.158875 
0.165224 
0.171652 
0.178157 
0.184734 
0.191380 
0.198091 
0.204864 
0.211695 
0.218580 
0.225516 
0.232498 
0.239522 
0.246586 
0.253684 
0.260814 
0.267971 
0.275151 
0.282350 
0.289565 
0.296791 
0.304024 
0.311261 
0.318498 
0.325729 
0.332953 
0.340164 
0.347358 
0.354532 
0.361682 
0.368803 
0.375893 
0.382946 
0.389959 
0.396929 
0.403850 
0.410721 
0.417536 
0.424293 
0.430986 
0.437613 
0.444171 
0.450655 
0.457061 
0.463387 
0.469629 
0.475783 
0.481846 
0.487815 
0.493687 
0.499457 
0.505124 
0.510683 
0.516133 
0.521469 
0.526689 
0.531790 
0.536769 
0.541624 
0.546352 
0.550950 
0.555415 
0.559746 
0.563940 
0.567994 
0.571907 
0.575675 
0.579298 
0.582773 
0.586098 
0.589272 
0.592292 
0.595157 
0.597865 
0.600415 
0.602806 
0.605036 
0.607103 
0.609008 
0.610748 
0.612323 
0.613732 
0.614974 
0.616048 
0.616954 
0.617692 
0.618260 
0.618659 
0.618889 
0.618949 
0.618838 
0.618559 
0.618109 
0.617490 
0.616702 
0.615746 
0.614622 
0.613330 
0.611871 
0.610247 
0.608457 
0.606503 
0.604387 
0.602108 
0.599669 
0.597071 
0.594315 
0.591403 
0.588336 
0.585115 
0.581744 
0.578223 
0.574555 
0.570741 
0.566784 
0.562686 
0.558449 
0.554075 
0.549568 
0.544928 
0.540159 
0.535264 
0.530245 
0.525105 
0.519846 
0.514472 
0.508986 
0.503390 
0.497689 
0.491883 
0.485978 
0.479977 
0.473881 
0.467696 
0.461424 
0.455069 
0.448634 
0.442123 
0.435539 
0.428887 
0.422169 
0.415389 
0.408552 
0.401661 
0.394719 
0.387730 
0.380699 
0.373630 
0.366525 
0.359389 
0.352227 
0.345041 
0.337836 
0.330616 
0.323385 
0.316146 
0.308905 
0.301664 
0.294427 
0.287200 
0.279985 
0.272787 
0.265609 
0.258456 
0.251332 
0.244240 
0.237184 
0.230169 
0.223197 
0.216274 
0.209402 
0.202586 
0.195829 
0.189136 
0.182508 
0.175951 
0.169469 
0.163063 
0.156739 
0.150499 
0.144347 
0.138286 
0.132320 
0.126452 
0.120685 
0.115022 
0.109467 
0.104023 
0.098692 
0.093477 
0.088381 
0.083408 
0.078560 
0.073839 
0.069248 
0.064789 
0.060466 
0.056280 
0.052234 
0.048330 
0.044570 
0.040956 
0.037491 
0.034175 
0.031012 
0.028001 
0.025147 
0.022449 
0.019909 
0.017529 
0.015310 
0.013253 
0.011360 
0.009631 
0.008067 
0.006670 
0.005439 
0.004376 
0.003481 
0.002755 
0.002198 
0.001811 
0.001593 
0.001545 
0.001666 
0.001957 
0.002418 
0.003048 
0.003847 
0.004814 
0.005949 
0.007251 
0.008720 
0.010355 
0.012154 
0.014118 
0.016244 
0.018532 
0.020980 
0.023587 
0.026351 
0.029272 
0.032347 
0.035575 
0.038953 
0.042481 
0.046156 
0.049976 
0.053939 
0.058043 
0.062285 
0.066664 
0.071176 
0.075820 
0.080593 
0.085491 
0.090514 
0.095657 
0.100917 
0.106293 
0.111781 
0.117378 
0.123081 
0.128887 
0.134792 
0.140794 
0.146888 
0.153073 
0.159344 
0.165697 
0.172130 
0.178639 
0.185221 
0.191871 
0.198585 
0.205362 
0.212196 
0.219083 
0.226021 
0.233005 
0.240032 
0.247097 
0.254197 
0.261327 
0.268485 
0.275665 
0.282864 
0.290079 
0.297304 
0.304537 
0.311773 
0.319007 
0.326238 
0.333459 
0.340667 
0.347859 
0.355031 
0.362177 
0.369295 
0.376381 
0.383431 
0.390440 
0.397405 
0.404322 
0.411188 
0.417998 
0.424749 
0.431438 
0.438059 
0.444611 
0.451088 
0.457489 
0.463808 
0.470043 
0.476190 
0.482247 
0.488208 
0.494072 
0.499835 
0.505494 
0.511046 
0.516487 
0.521815 
0.527026 
0.532119 
0.537090 
0.541936 
0.546654 
0.551243 
0.555700 
0.560021 
0.564206 
0.568250 
0.572153 
0.575912 
0.579525 
0.582990 
0.586305 
0.589469 
0.592479 
0.595333 
0.598031 
0.600571 
0.602951 
0.605171 
0.607228 
0.609122 
0.610851 
0.612416 
0.613814 
0.615045 
0.616109 
0.617004 
0.617731 
0.618289 
0.618677 
0.618896 
0.618944 
0.618823 
0.618533 
0.618072 
0.617443 
0.616644 
0.615677 
0.614542 
0.613240 
0.611770 
0.610135 
0.608335 
0.606371 
0.604244 
0.601955 
0.599505 
0.596897 
0.594130 
0.591208 
0.588131 
0.584901 
0.581519 
0.577989 
0.574311 
0.570487 
0.566521 
0.562413 
0.558167 
0.553784 
0.549267 
0.544618 
0.539841 
0.534937 
0.529909 
0.524760 
0.519494 
0.514112 
0.508617 
0.503014 
0.497304 
0.491492 
0.485579 
0.479570 
0.473468 
0.467276 
0.460998 
0.454636 
0.448195 
0.441678 
0.435089 
0.428431 
0.421707 
0.414923 
0.408081 
0.401184 
0.394238 
0.387246 
0.380211 
0.373138 
0.366030 
0.358891 
0.351725 
0.344537 
0.337330 
0.330108 
0.322874 
0.315634 
0.308391 
0.301150 
0.293913 
0.286685 
0.279470 
0.272272 
0.265095 
0.257942 
0.250819 
0.243728 
0.236675 
0.229661 
0.222692 
0.215771 
0.208902 
0.202089 
0.195336 
0.188646 
0.182023 
0.175470 
0.168992 
0.162591 
0.156272 
0.150038 
0.143892 
0.137837 
0.131878 
0.126016 
0.120256 
0.114601 
0.109053 
0.103616 
0.098293 
0.093087 
0.088000 
0.083036 
0.078196 
0.073484 
0.068903 
0.064455 
0.060141 
0.055966 
0.051930 
0.048037 
0.044288 
0.040685 
0.037230 
0.033926 
0.030774 
0.027776 
0.024933 
0.022247 
0.019719 
0.017351 
0.015145 
0.013101 
0.011220 
0.009503 
0.007953 
0.006568 
0.005350 
0.004300 
0.003419 
0.002706 
0.002162 
0.001788 
0.001583 
0.001548 
0.001683 
0.001987 
0.002461 
0.003104 
0.003916 
0.004896 
0.006044 
0.007359 
0.008841 
0.010489 
0.012301 
0.014277 
0.016415 
0.018715 
0.021176 
0.023795 
0.026571 
0.029504 
0.032590 
0.035829 
0.039219 
0.042758 
0.046444 
0.050275 
0.054248 
0.058362 
0.062615 
0.067003 
0.071525 
0.076179 
0.080960 
0.085868 
0.090899 
0.096050 
0.101319 
0.106703 
0.112199 
0.117803 
0.123513 
0.129325 
0.135237 
0.141245 
0.147346 
0.153536 
0.159812 
0.166171 
0.172609 
0.179122 
0.185707 
0.192361 
0.199080 
0.205859 
0.212696 
0.219587 
0.226527 
0.233513 
0.240541 
0.247608 
0.254709 
0.261840 
0.268998 
0.008347 
0.008346 
0.008342 
0.008336 
0.008327 
0.008316 
0.008302 
0.008286 
0.008268 
0.008247 
0.008224 
0.008198 
0.008170 
0.008139 
0.008107 
0.008072 
0.008034 
0.007995 
0.007953 
0.007909 
0.007863 
0.007814 
0.007764 
0.007711 
0.007657 
0.007600 
0.007542 
0.007481 
0.007419 
0.007355 
0.007289 
0.007221 
0.007152 
0.007081 
0.007008 
0.006933 
0.006858 
0.006780 
0.006702 
0.006621 
0.006540 
0.006457 
0.006373 
0.006288 
0.006202 
0.006115 
0.006026 
0.005937 
0.005847 
0.005756 
0.005664 
0.005571 
0.005478 
0.005384 
0.005289 
0.005194 
0.005099 
0.005003 
0.004907 
0.004810 
0.004713 
0.004616 
0.004519 
0.004422 
0.004325 
0.004228 
0.004131 
0.004034 
0.003937 
0.003840 
0.003744 
0.003648 
0.003552 
0.003457 
0.003362 
0.003268 
0.003175 
0.003082 
0.002989 
0.002898 
0.002807 
0.002717 
0.002628 
0.002540 
0.002452 
0.002366 
0.002281 
0.002197 
0.002113 
0.002031 
0.001951 
0.001871 
0.001793 
0.001716 
0.001640 
0.001566 
0.001493 
0.001421 
0.001351 
0.001283 
0.001216 
0.001150 
0.001086 
0.001024 
0.000964 
0.000905 
0.000848 
0.000792 
0.000738 
0.000686 
0.000636 
0.000588 
0.000541 
0.000497 
0.000454 
0.000413 
0.000374 
0.000337 
0.000302 
0.000269 
0.000238 
0.000209 
0.000182 
0.000157 
0.000134 
0.000113 
0.000094 
0.000078 
0.000063 
0.000050 
0.000040 
0.000032 
0.000026 
0.000021 
0.000020 
0.000020 
0.000022 
0.000027 
0.000033 
0.000042 
0.000053 
0.000066 
0.000082 
0.000099 
0.000118 
0.000140 
0.000164 
0.000190 
0.000218 
0.000248 
0.000280 
0.000314 
0.000351 
0.000389 
0.000430 
0.000472 
0.000517 
0.000563 
0.000612 
0.000662 
0.000714 
0.000769 
0.000825 
0.000883 
0.000943 
0.001005 
0.001068 
0.001134 
0.001201 
0.001269 
0.001340 
0.001412 
0.001485 
0.001561 
0.001637 
0.001716 
0.001795 
0.001877 
0.001959 
0.002043 
0.002128 
0.002215 
0.002302 
0.002391 
0.002481 
0.002572 
0.002664 
0.002757 
0.002851 
0.002946 
0.003041 
0.003138 
0.003235 
0.003333 
0.003431 
0.003530 
0.003629 
0.003729 
0.003829 
0.003930 
0.004030 
0.004131 
0.004232 
0.004333 
0.004435 
0.004536 
0.004637 
0.004737 
0.004838 
0.004938 
0.005038 
0.005137 
0.005236 
0.005335 
0.005432 
0.005530 
0.005626 
0.005721 
0.005816 
0.005910 
0.006003 
0.006094 
0.006185 
0.006274 
0.006363 
0.006449 
0.006535 
0.006619 
0.006702 
0.006783 
0.006863 
0.006941 
0.007017 
0.007092 
0.007165 
0.007236 
0.007305 
0.007373 
0.007438 
0.007502 
0.007563 
0.007623 
0.007680 
0.007735 
0.007788 
0.007839 
0.007887 
0.007933 
0.007977 
0.008019 
0.008058 
0.008095 
0.008130 
0.008162 
0.008192 
0.008219 
0.008244 
0.008266 
0.008286 
0.008303 
0.008318 
0.008330 
0.008340 
0.008348 
0.008352 
0.008355 
0.008355 
0.008352 
0.008347 
0.008339 
0.008329 
0.008317 
0.008302 
0.008285 
0.008265 
0.008243 
0.008218 
0.008192 
0.008163 
0.008131 
0.008098 
0.008062 
0.008024 
0.007983 
0.007941 
0.007896 
0.007850 
0.007801 
0.007751 
0.007698 
0.007644 
0.007587 
0.007529 
0.007469 
0.007407 
0.007344 
0.007279 
0.007212 
0.007144 
0.007074 
0.007002 
0.006929 
0.006855 
0.006780 
0.006703 
0.006625 
0.006545 
0.006465 
0.006383 
0.006301 
0.006217 
0.006132 
0.006047 
0.005960 
0.005873 
0.005785 
0.005697 
0.005607 
0.005517 
0.005427 
0.005336 
0.005244 
0.005152 
0.005060 
0.004967 
0.004875 
0.004781 
0.004688 
0.004595 
0.004501 
0.004408 
0.004314 
0.004221 
0.004127 
0.004034 
0.003941 
0.003848 
0.003756 
0.003663 
0.003572 
0.003480 
0.003389 
0.003298 
0.003208 
0.003119 
0.003030 
0.002942 
0.002854 
0.002767 
0.002681 
0.002596 
0.002511 
0.002427 
0.002345 
0.002263 
0.002182 
0.002102 
0.002023 
0.001946 
0.001869 
0.001793 
0.001719 
0.001646 
0.001574 
0.001503 
0.001434 
0.001366 
0.001299 
0.001234 
0.001170 
0.001108 
0.001047 
0.000987 
0.000929 
0.000873 
0.000818 
0.000765 
0.000713 
0.000663 
0.000615 
0.000569 
0.000524 
0.000481 
0.000439 
0.000400 
0.000362 
0.000327 
0.000293 
0.000261 
0.000230 
0.000202 
0.000176 
0.000152 
0.000129 
0.000109 
0.000091 
0.000075 
0.000061 
0.000048 
0.000038 
0.000031 
0.000025 
0.000021 
0.000020 
0.000020 
0.000023 
0.000028 
0.000035 
0.000044 
0.000056 
0.000069 
0.000085 
0.000103 
0.000124 
0.000146 
0.000171 
0.000197 
0.000227 
0.000258 
0.000291 
0.000327 
0.000365 
0.000405 
0.000447 
0.000491 
0.000537 
0.000586 
0.000636 
0.000689 
0.000744 
0.000800 
0.000859 
0.000920 
0.000983 
0.001048 
0.001114 
0.001183 
0.001253 
0.001325 
0.001399 
0.001475 
0.001553 
0.001632 
0.001712 
0.001795 
0.001879 
0.001964 
0.002051 
0.002140 
0.002229 
0.002320 
0.002413 
0.002506 
0.002601 
0.002697 
0.002794 
0.002892 
0.002990 
0.003090 
0.003191 
0.003292 
0.003394 
0.003496 
0.003599 
0.003703 
0.003807 
0.003911 
0.004016 
0.004121 
0.004226 
0.004331 
0.004436 
0.004541 
0.004646 
0.004751 
0.004856 
0.004960 
0.005063 
0.005167 
0.005269 
0.005371 
0.005473 
0.005573 
0.005673 
0.005772 
0.005870 
0.005966 
0.006062 
0.006157 
0.006250 
0.006342 
0.006432 
0.006522 
0.006609 
0.006695 
0.006780 
0.006863 
0.006944 
0.007023 
0.007100 
0.007176 
0.007249 
0.007321 
0.007390 
0.007458 
0.007523 
0.007586 
0.007647 
0.007706 
0.007763 
0.007817 
0.007868 
0.007918 
0.007965 
0.008009 
0.008051 
0.008091 
0.008128 
0.008163 
0.008195 
0.008224 
0.008251 
0.008275 
0.008297 
0.008316 
0.008333 
0.008347 
0.008359 
0.008368 
0.008374 
0.008378 
0.008379 
0.008378 
0.008374 
0.008367 
0.008358 
0.008347 
0.008333 
0.008317 
0.008298 
0.008277 
0.008254 
0.008228 
0.008200 
0.008169 
0.008137 
0.008102 
0.008065 
0.008026 
0.007984 
0.007941 
0.007896 
0.007848 
0.007799 
0.007748 
0.007695 
0.007640 
0.007583 
0.007524 
0.007464 
0.007403 
0.007339 
0.007274 
0.007208 
0.007140 
0.007071 
0.007000 
0.006928 
0.006855 
0.006780 
0.006704 
0.006628 
0.006550 
0.006471 
0.006391 
0.006310 
0.006228 
0.006146 
0.006063 
0.005978 
0.005894 
0.005808 
0.005722 
0.005636 
0.005548 
0.005461 
0.005373 
0.005284 
0.005195 
0.005106 
0.005017 
0.004927 
0.004838 
0.004748 
0.004658 
0.004568 
0.004478 
0.004388 
0.004298 
0.004208 
0.004118 
0.004028 
0.003939 
0.003850 
0.003761 
0.003672 
0.003584 
0.003496 
0.003409 
0.003322 
0.003235 
0.003149 
0.003063 
0.002979 
0.002894 
0.002811 
0.002728 
0.002645 
0.002564 
0.002483 
0.002403 
0.002324 
0.002245 
0.002168 
0.002091 
0.002015 
0.001941 
0.001867 
0.001794 
0.001723 
0.001652 
0.001582 
0.001514 
0.001447 
0.001381 
0.001316 
0.001252 
0.001190 
0.001129 
0.001069 
0.001011 
0.000954 
0.000899 
0.000845 
0.000792 
0.000741 
0.000691 
0.000643 
0.000597 
0.000552 
0.000508 
0.000467 
0.000427 
0.000389 
0.000352 
0.000317 
0.000284 
0.000253 
0.000224 
0.000196 
0.000171 
0.000147 
0.000125 
0.000106 
0.000088 
0.000072 
0.000058 
0.000047 
0.000037 
0.000030 
0.000024 
0.000021 
0.000020 
0.000021 
0.000024 
0.000029 
0.000037 
0.000047 
0.000059 
0.000073 
0.000089 
0.000108 
0.000129 
0.000153 
0.000178 
0.000206 
0.000236 
0.000269 
0.000304 
0.000341 
0.000380 
0.000422 
0.000466 
0.000512 
0.000560 
0.000611 
0.000664 
0.000719 
0.000776 
0.000836 
0.000897 
0.000961 
0.001027 
0.001095 
0.001165 
0.001237 
0.001311 
0.001387 
0.001465 
0.001544 
0.001626 
0.001709 
0.001794 
0.001881 
0.001969 
0.002059 
0.002151 
0.002244 
0.002339 
0.002434 
0.002532 
0.002630 
0.002730 
0.002831 
0.002932 
0.003035 
0.003139 
0.003244 
0.003349 
0.003455 
0.003562 
0.003670 
0.003778 
0.003886 
0.003995 
0.004103 
0.004213 
0.004322 
0.004431 
0.004540 
0.004649 
0.004758 
0.004867 
0.004975 
0.005083 
0.005190 
0.005297 
0.005403 
0.005508 
0.005612 
0.005716 
0.005818 
0.005920 
0.006020 
0.006119 
0.006216 
0.006313 
0.006407 
0.006501 
0.006592 
0.006683 
0.006771 
0.006857 
0.006942 
0.007025 
0.007106 
0.007185 
0.007261 
0.007336 
0.007408 
0.007478 
0.007546 
0.007612 
0.007675 
0.007736 
0.007794 
0.007850 
0.007904 
0.007955 
0.008003 
0.008049 
0.008092 
0.008132 
0.008170 
0.008205 
0.008238 
0.008268 
0.008295 
0.008319 
0.008341 
0.008360 
0.008376 
0.008390 
0.008401 
0.008409 
0.008414 
0.008417 
0.008418 
0.008415 
0.008410 
0.008403 
0.008393 
0.008380 
0.008365 
0.008347 
0.008327 
0.008304 
0.008280 
0.008252 
0.008223 
0.008191 
0.008157 
0.008120 
0.008082 
0.008041 
0.007999 
0.007954 
0.007907 
0.007859 
0.007808 
0.007756 
0.007702 
0.007646 
0.007589 
0.007529 
0.007469 
0.007406 
0.007342 
0.007277 
0.007210 
0.007142 
0.007073 
0.007002 
0.006931 
0.006858 
0.006784 
0.006708 
0.006632 
0.006555 
0.006477 
0.006399 
0.006319 
0.006239 
0.006157 
0.006076 
0.005993 
0.005910 
0.005827 
0.005743 
0.005658 
0.005573 
0.005488 
0.005402 
0.005316 
0.005230 
0.005144 
0.005057 
0.004970 
0.004883 
0.004797 
0.004710 
0.004623 
0.004536 
0.004449 
0.004362 
0.004275 
0.004189 
0.004102 
0.004016 
0.003930 
0.003845 
0.003759 
0.003674 
0.003590 
0.003505 
0.003421 
0.003338 
0.003255 
0.003172 
0.003090 
0.003009 
0.002928 
0.002847 
0.002767 
0.002688 
0.002610 
0.002532 
0.002455 
0.002378 
0.002302 
0.002227 
0.002153 
0.002080 
0.002007 
0.001936 
0.001865 
0.001795 
0.001726 
0.001658 
0.001591 
0.001525 
0.001460 
0.001396 
0.001333 
0.001271 
0.001210 
0.001151 
0.001092 
0.001035 
0.000979 
0.000925 
0.000872 
0.000820 
0.000769 
0.000720 
0.000672 
0.000625 
0.000580 
0.000537 
0.000495 
0.000455 
0.000416 
0.000379 
0.000343 
0.000309 
0.000277 
0.000247 
0.000218 
0.000191 
0.000166 
0.000143 
0.000122 
0.000103 
0.000085 
0.000070 
0.000056 
0.000045 
0.000036 
0.000029 
0.000024 
0.000021 
0.000020 
0.000021 
0.000025 
0.000031 
0.000039 
0.000049 
0.000062 
0.000077 
0.000094 
0.000114 
0.000136 
0.000160 
0.000187 
0.000216 
0.000248 
0.000282 
0.000318 
0.000357 
0.000398 
0.000441 
0.000487 
0.000536 
0.000586 
0.000640 
0.000695 
0.000753 
0.000813 
0.000875 
0.000940 
0.001007 
0.001076 
0.001147 
0.001221 
0.001297 
0.001374 
0.001454 
0.001536 
0.001620 
0.001706 
0.001794 
0.001883 
0.001975 
0.002068 
0.002162 
0.002259 
0.002357 
0.002456 
0.002557 
0.002659 
0.002763 
0.002868 
0.002973 
0.003080 
0.003188 
0.003297 
0.003407 
0.003517 
0.003629 
0.003740 
